SHIP SPECIFICATION CHART – OTHER MAJOR NATIONS


WOODEN SHIPS & IRON MEN
THE AVALON HILL GAME COMPANY’S TRADEMARK FOR ITS FIGHTING SAIL GAME
TOURNAMENT EDITION RULES  1.2b


GUN RATING

GUNS

CARRON-ADES

SHIP’S CLASS #

NOTES

L

R

HULL

CREW

RIGGING

1

2

4

3

EL

CR

AV

GR

PR

POINT VALUES

FRANCE:

120

110

80

74

60

23

SOL  1

SOL  1

SOL  2

SOL  2

SOL  2

24

44

40

38

36

32

F  3

F  3

F  3

18

SPAIN:

130

F  3

F  3

8

7

SOL  1

112

100

84

80

22

74

74

64

40

34

13

12

F  3

12

2

2

6

6

15

-

SOL  1

SOL  1

SOL  2

SOL  2

22

SOL  2

SOL  2

SOL  2

F  3

-

-

-

4

6

16-14-14

4

14-14-14

6

6

6

6

8

17

4-4-4

6-6-4

8-6-6

8-8-8

10-10-10

10-10-8

10-8-8

23

12-12-10

12-12-12

16-14-14

10

8

12-12-10

10-10-8

8-6-6

10-8-8

6-6-4

6-6-4

6-4-4

4-4-4

7

11

9



6

SOL  2

20

5

23

28

28

26

26

22

22

12

12

10

5

8

8

24

27

9

9

25

9

20

20

9

6

6

6

7

7

7

9

9

7

7

7

7

7

7

8

8

4

4

5

5

5

5

5

5

5

5

5

5

5

12

11

13

4

4

10

-

7

7

10

10

-

-

-

9

8

7

9

9

8

8

7

7

13

15

11

12

7

7

7

-

5

5

5

5

25

14



15

7

7

7

-

7

7

7

-

7

7

7

5

-

5

5

5

20

20

8

6

18

22

20

20

26

26

24

24

17

18

-

-

14

16

18

17

8

8

4

4

4

5

4

5

5

5

5

5

5

5

5

5

5

5

6

6

6

6

4

4

4

4

8-6-6

6-6-4

16

-

-

18

19

16

4

4

16

6

6-6-4

6-4-4

16

6

21

6-4-4

4-2-2

24

4

4

12

12

20

20

7

32

2

2

34

2

-

2

2

2

B  5

F  4

-

-

4

4

-

-

-

-

-

-

2

2

-

-

2

2

2

2

2

2

-

-

2

2

2

2

2

2

-

29

13

8

-

-

-

5

5

5

5

-

6

-

6

8

F  4

F  4

F  4

S  5

20

24

32

36

38

44

14

12

37

27

27

24

21

18

17

15

14

12

11

22

15

30

27

24

23

20

23

21

20

17

14

9

11

15

13

9

10

16

18

39

24

27

6

6

43

40

33

Second Class

First Class

39

36

31

12

13

36

33

27

15

16

32

29

24

17

19

20

21

22

19

16

 

 

17

14

17

19

17

15

20

21

19

17

14

22

22

17

15

13

Large Class

Small Class

13

11

10

UNITED STATES:

8

9

13

12

8

10

8

8

12-12-10

12-10-10

SOL  2

42

38

32

23

25

38

34

35

33

35

25

29

27

31

24

27

30

32

25

9

10

30

22

12

9

21

23

24

5

-

29

26

22

-

6

28

25

20

6

5

5

12

18

20

5

4-4-2

F  3

12

24



18

20

22

24

28

11

17

21

23

25

27

27

30

14

21

15

7

8

8

18

23

19

14

9

10

17

DEPTH (FT.)

12

10

4

12

4

11

12

13

12

14

15

20

22

L

R

74

74



