SHIP SPECIFICATION CHART - BRITAIN


WOODEN SHIPS & IRON MEN
THE AVALON HILL GAME COMPANY’S TRADEMARK FOR ITS FIGHTING SAIL GAME
TOURNAMENT EDITION RULES  1.2b


GUN RATING

GUNS

CARRON-ADES

SHIP’S CLASS #

NOTES

L

R

HULL

CREW

RIGGING

1

2

4

3

EL

CR

AV

GR

PR

POINT VALUES

120

110

100

98

90

84

SOL  1

SOL  1

SOL  1

SOL  1

SOL  2

SOL  2

12-12-12

80

74

74

67

64

SOL  2

SOL  2

SOL  2

54

50

50

SOL  2

SOL  2

SOL  2

SOL  2

SOL  2

50

46

44

44

40

38

36

36

32

32

28

24

F  3

22

20

19

18

16

B  5

S  5

F  3

F  3

F  3

F  3

F  3

F  3

F  3

F  3

F  3

F  3

S  5

B  5

S  5

S  5

12-12-10

2-2-2

12-12-10

4-4-4

2-2-2

2-2-2

2-2-2

4-2-2

4-2-2

4-2-2

4-4-2

4-4-2

4-4-4

4-4-4

6-4-4

6-4-4

6-4-4

6-4-4

6-4-4

6-4-4

6-6-4

6-4-4

10-10-10

10-10-10

10-10-10

10-10-8

10-8-8

8-8-8

8-8-6

8-6-6

  Two Decker

  Two Decker

  Razee

  Common Class

  Razee

  Large Class

28

7

28

24

24

22

22

20

20

20

20

20

20

18

18

9

9

9

9

9

9

16

16

8

8

8

8

8

8

8

8

8

8

8

8

8

8

8

16

16

14

14

7

7

7

7

7

7

7

7

7

7

7

7

7

7

12

12

6

6

6

6

6

6

6

6

6

6

6

6

6

6

6

6

6

6

10

10

10

10

5

5

5

5

5

5

5

5

5

5

5

5

5

5

5

5

5

5

5

5

5

5

5

5

5

5

5

5

10

10

10

10

8

8

8

8

8

8

8

8

8

8

8

8

4

4

4

4

4

4

4

4

4

4

4

4

4

4

4

4

4

4

4

4

4

4

4

4

4

4

4

4

8

8

8

8

6

6

6

6

6

6

6

6

6

6

6

6

6

6

4

4

4

4

4

4

4

4

4

4

4

4

4

4

4

4

4

4

4

4

2

2

2

2

2

2

2

2

2

2

2

2

2

2

2

2

2

2

2

2

2

2

2

2

2

2

2

2

2

2

-

-

-

-

-

-

-

-

-

-

-

-

-

-

-

-

-

-

-

-

-

-

-

-

-

-

-

-

27

27

26

24

21

24

24

21

21

18

17

14

13

12

18

17

17

15

11

14

12

11

9

8

8

6

8

5

6

6

6

43

40

32

30

27

38

35

28

26

23

35

32

26

24

22

33

30

24

23

20

31

28

22

21

18

31

34

34

32

25

24

21

24

23

21

30

29

23

21

19

29

27

22

20

18

25

23

20

18

16

22

20

17

15

13

22

20

18

16

14

20

18

15

12

10

20

17

13

11

9

22

20

14

20

20

14

18

16

18

15

12

10

12

10

9

8

18

15

12

10

19

17

15

14

12

17

15

13

12

11

16

14

12

11

10

10

10

10

10

8

9

7

6

8

6

7

4

6

4

9

9

10

9

9

9

9

9

9

9

11

11

11

11

11

11

13

14

12

12

12

12

8

8

8

8

8

7

7

7

7

7

5

5

6

6

L

R

11

11

12

12

12

12

13

14

15

15

16

17

17

18

17

17

19

17

17

20

19

19

20

21

21

21

21

22

23

24

24

DEPTH (FT.)



